$ANSIBLE_VAULT;1.1;AES256
35396338383563613061666237613333626335666138373637663166633464366161353164616230
3432346239653231396238306336646431383935653033640a373130303932316261363665323162
33613962363831343437333530333138386166303732633033306539393737663633626131386630
3431393466356539300a353566326330336238363136303235393766323830303831383730626364
63373636616535346662656264306336386636343730316534626636346133353336356663376164
38333164626437373434613664636562653232303032333233303563323935356530386638313530
61393130306633326433336538323432376338646462346263636432643930663530633532363432
61346638393364306233326362343033633465323965626138316132336234363537646464633732
66653635323063653263333237623238656134363863313939653733343266616231393038353831
36643237303665373261316434323332383233613762373631386430663937633662656466636366
36623433303765303239316330346238316465343735336531356237373336323334376465663539
33303630316264323262366637353864643636616165393566383061383239376336353465613666
63373439646336663431333433393738343966373562356665303833396162616333646133666362
39376261323335346265343563373833663062633932366337636433373865366337376431393239
613262356132366162666363363462613730
