$ANSIBLE_VAULT;1.1;AES256
62376133623830623361393961653036346161633732623230326633653765643534383135653734
3561323037363637626466373739303162336565333831300a653339356434326439323934663865
31326434663630346539376463336264323439326463363333346438333733623865623133626337
6263616536363662610a613039363230666236646662383436386435643564633231333066306139
34643563323538313730396461316230346565656137626138633639626336323339306432366161
61613538376339303731363862366364363262393961326235393166323563393162363236313636
38346363333838643039623935653135383330323836366639636237323562666639623433343462
33346432336433626338383366623438323735363938623563323437666463383766336134303835
35326265336564643465383832306635333332363733396130323264626631616463356161323531
65343631383230666232646135323665663334333363336365333963653831623234646436313134
31636638353534383138613338333730316263383061666563333964373731356362346263653838
30646334383866343837313134643165313062663361366439373764623636326532343832316331
33363936343031623563316237383566616462656433336130613937386665396334313933636263
36616135656535333337386332336539623766303333343733333233386132666536313731383161
62353161333063343764623965616464376435623365323438343830376137363934636336346465
33323561313035626432623237366262373830396566656430626561373338356164663930323261
35303136633836306234396565333165663933356461356332326430303766393565313266656463
66346365316266366138663034313833653432353537663963373439653037336236653532386131
36646636313232343761373630626162663263343333323164666562646436633265666230363736
31326138653630626137633439376564376566393662303933626562633039623466376161363833
39616136363463356365396362663163663764316332663962393436313666333036323637346636
33326463633966353863313361363430343231323036633034663137633636633137666538623364
62326634656330383833356261643536386261653562636238373266616462393235656131333133
63346239656434653331333962303531393939623630626264376633313035613437646332316131
33303632313261393535383032343563313931653037323339373935366566353237633138633630
6563623063643530623564633530363039373336663763353739
