$ANSIBLE_VAULT;1.1;AES256
66626634383730396637386238653261663162663163353031626334623635323365363939633731
6137313834616264653464666232303262636533626539390a313435313436333164336430353737
35626439623862363462363862656337353865326331366332313336656535383561663662336339
3432383964633332370a326238383435316532663866336631343832613333616663326361326261
63656665323033396362643631383231336166323039336134373935653466313062376631303865
63316234393339623063356633383764326137663466353766663135356664303632303965616661
63626163346132383937363865643165633238303134376566373030326434613339353636323236
64626436313534366432616262343938323036326464666566333765306231636438626463373064
62366365303965373636333537383935333737623039663837346635366363633862366131626664
66626164366538346631646266336630646165613836623030366238623734303065633766636332
62363661393537616261623464663065666164626133663233336631303664323631316436333732
65316231383532353965656631356235623136323835613066343739633563643339323234346564
32353662343135643231366437616365356563303031356364333232396239396431363037316438
35653364353532666466653539623235393934393961613638303632666334323063643635366133
32303561613231343664656436636334333336396530323162353564343938306335306130616633
30316538373361383031363266363231383731373062386664633433346637306363626230316563
61346337346264313265343865386562363637633866396663343037666130376532383935663532
61363532663534376530326637646337646139303130363939306435366437623631303466636131
65383838623233626264633164646264313430353530633535333734313032636239623332623439
61333337326163303930353234303933336232333938633766633030336638396366623565393037
66643837646434633933656365626433666533306666623937616463323664333766653265623561
62623034356266613232643836353737373163626330343133383464646331626633373037373263
62633830616234643066313931303061656231343136376639366662356632623063326334663137
31646530643634306536366637623461363862633530303730363834613333626134373033646134
32316232346535336437373037313731383733376130303165363161393866326663303863656434
61633934343935653434323139313831306138626438626266666261343662643966303364626461
62633131336463643234613030623530666337666362323637383938663138313361663463313330
38313030643732346133343433633863633433386432363536383432383563313561396164633233
35333633653062383665663336353335323564373031656664313161323738383834396363336130
31653764656561353836383430326138383235356537663366383039323366363562396165613531
32323437663361623234636164636430313766393531626536666533366530313536666663666237
34373365356430366133613539636262373032616361616361633362326135333662653564323332
34643630353032363832613235386363643630656163646337363439666431333430376537393765
35623333313161323664613164343631356435343963616164613936663037396430376462653463
39663263623433363363633833366636373663326139326431366263633161643863376133363334
64636233636236356633323136373236646533376431303132353862363037306161316235303135
31343263666265323864353961336436373964333961623634636366346664396538376630653165
35373462336230373739336334633966383930363561366532663635396438393637653835623461
63636366616530663838313431643333653734616438613031343630303339623435666332323332
30613235613964393964633563663064663763623865356538616630666531613165646130386464
30303937333537656134313639383931656161663034613862393364316338313335393065393062
31623635393561306661353433376361363761376536316565373632303330366534383836633037
34376137643531346237386265306135643231333164313130336330333637663935396137656362
37643631373931643162373561633731383661393236346337356634393631323365356235653466
64613964633733616233626332313835386537373638316538353463306231356361396139633338
63613338343064353236623039376365326666323436363235336162663264373330316432323332
31366463313034343431663261303764386635343465346662633365373336333039616133306562
39393266623964646635666531353335613236356264346366333232346631646337323365393566
63326234626637356633323533326366333332383639633934356564316433643861656261363433
66613364616635373362346430396662303431313639646266663964396439356361346631376333
38356537393634343763656639643462393066613165373166656633633238636337623565313133
66326461613634623763633739303039613165613038343437356165633635356433323330373366
39386633343432303435313137396661343831656263383936353863393034353162306530656134
36353034373664366661353031313935343137343862336137353938326134656331313234376166
36643961323733646537646563393163383439613137303137303530633363336464316534373233
39636630623632336133386365623535386436316265666463383730353862623161303636356130
31663264393437326236663365623936616666336263626665303061643262303030613537646633
66303837303034383432663833626563316231623331303132613535633665643439336163623631
39616661626338323366393035633038376434323930376530346662363330333435613237306530
35393133633839353561636437343336396661373037333336656562396265393063363032356438
64363335623339346263643961643434656534653330663334336234643631363730326531313265
66376234346165663637393665653731616234653536623534363234333938633464663830363631
38636163383862323739616562333561646538646534323032373861303237316561323137303631
33613534633239623431363262326238356334636463336162336330633561643732333063383161
61353965366134643339353939373738633763393031663363643737336465623166666462396635
62613565633961373437363636653734306564376162333565343164373865363033333163663634
36323863326133353732613232383132643362636563663632303431306336326232326536633762
36373366633732643661356635613634393235346661653364613235343365653562306639626530
65353461663938343239303037393062343634626337393039373730363130616235613937646239
63373065383366656237313635653366383737653637656234353166346339313061336234643834
61326539646566323939616132396566363436653930623666376335353966633432653063616631
65306561316337353763356566336634623865653135383762663865663436663663363634303665
31313738666262383235306432353664386637393962376536306232653536373830653965643766
62626465303165346231376336623834656532323665313937346130376639633733636437346231
61353863366531653663633839633335653137643037633264303863643864393734636630376130
33373835306439396233646534336465326463363138353836633662363432366439336535373862
32393061636338303536653839666334613162343939396530636130663638373963326535366364
65616139663961623734633333626530313737663034626535363861393633303234626164383037
30636562303935633538336137623765326465313536366363336366396137346438363366633462
61353337306261646635396261313330373361353664666262373139326136373936663838656339
37636563643739613566633863613666386262313233363636326435373236383532396365643964
35373963373666323137393231366361616166653231343862393731623166633731613562643932
61333031363431643964346461623938666439666661646661366639333139666533373832303265
31333730313338306133663963366666333662386231356164333334666137306533643736626531
39353162343538313934303330393538313931353463363666303737613932376133396533386164
64666265333266303232653735633132333761326462616664303538343735333830363235373261
30633339376564613661303934346637323464353832656235663864343432366336363433613165
61636266643133643235
