$ANSIBLE_VAULT;1.1;AES256
38623332303830633166653562623039323739666539343763383736333637376131646266666137
6538326132316262613338643164373430323764623162620a396133386264336431653730623763
61373331626664616238383436333062643065653462633836363432636239306162613230323662
6238636133633364650a663561393830636230343833313433306366316135616231616337643734
63363865343232623233633738656662313264343963646333383730326534626564346136333866
34656236373962316631356537663632653665393936633331306432633538323238666164373337
35346530336234363538353939646531316236653431326664326538653165616365326166613264
65326332626437323534656662353338666361356135326565343132323235303330393635303131
38366131383338306561316630343738393834613963356365646462653930626437333136333461
61666662353732613936663637366662633966653935303737393135363666613764316334636665
63303834383331303837326565653863343165343462386363363137663038626166316534623334
33616163316333653339663934653732303963653733663932623435396364376631363234343334
63396630636532626232626436636633646134356531373563306237323437393130333532373235
61336139303639363863623162653136356364303564336162653030393262323737666635383466
33643438363666393864616565313236376333363830613530396132666630636538313262383033
34383265346638623534323833366163393664616236616265633930306236646430393161343366
65356234623736386135396463333436346537616364626365386331636566383132623665396337
61363537383163323565623732316564383566613136623466376430396239643934376134646535
35353435373566663862666338373936666364326530346563383135383466346663383363303462
37303334333734626431306634653561386466616438666539643962653135363530656134653539
32616562336462633430343338653330663238356161653437326431353535373035633064663533
65333563313139336564373638393461656134306230303837663636313139326333346564643135
32656661633562623164383562356533343336346532666230396531366262636337373261343265
65613666303432316565643137656539376633336363393566383832643538386135356662363861
35393832366264326333613764303331343562313031393436386664306131396164376438646434
32636636663562323937633037653131636232623430666461653565616333336336353234623361
36623839656436636364343731303932343230316132623730643037643334356535633239646565
63666536336465343866336333663065363962663763663730363438646531376439623065656234
37346232373466353738353339623836363432626363353166656665303833333433353432306632
35356537646630376364396264316666383839643661366462663562393334663937626636633232
66366562653538616535656661316433306632396463386538316231656239343263613336393664
64633136303634376562383562393364386435313932636363336538393431613866633437663933
65643031343533626333643230653462373730383232363035313935636337393939626633666166
39323462343333396461613138353335316565346162383735373164336137373430643539363365
35643131393562616238326636623563373232643764653132313036366565303961633930336630
65636263306132333038363139373866333066366262636162623938656361393539386666626138
30383030666164623838616365353663366262616365623436656265356136323564666334376237
33373534356434626663383964333239353430623466623566633137313138383661323063613235
33666331346162333963663066633130393233373733393565653935356165303666363739306334
30613332653735393437393961393439313265633633616162306239626332636437363736393166
62636133643630373466613335326365333737366462653366313733366661633739313333613335
35623939353266336633333630386461333931356439336630366365643634313361333964636139
30663638373264383938343638346166323132396536333334326538333630613834326436373532
35323563353032396566643238663763303332363433376365376335326631636234336365363739
38336238373733636333653763666236663561663839656462626436326136326662656163363266
38383561656232343836333065386233323466373062663765323838653666643032363864306239
39373764316261353366303935353838666332313765643938393534383966393837636137313431
61353766643961306638366432326333356133323739356261373937633337356337653064663964
36623666636635343437393766393038633233393866613738353837346436656431323261316564
62663132363665616334373333323465356236366437383566633562626162353235623662356430
31613639623632633565303039393238383334373765653365303735316131373334653662343538
30366161323265376461386537396331333264643230636534353830353733623139353035646464
31393364643235663738353966306635653035656564333562333235626464366430386235396630
30373438646332343632303832326231643030323233643761633939623066393032646331376530
64636161373137313335343265303932643132646161633434316430653639653261363664376164
65373161346332643531386237343332356432653832396330656361613161336665656439303036
30383362373261376465643366626238653236613134353863323934616139323261633637373639
66653931313638616539343339613166393338633566663664383065393435633865636162623538
33323236616331656562313464363939653934646330616130613138646632393061363764326330
34343833363266383638393562393531396131323337303634636661393161383135376338396161
38646361343633343862363764303435303465393466336235353265366138356330366233653361
32373139323835326630646130393633336339613265306266626461333637623930303339353035
63303836653262323935386465353865366435323763336162626166346330336633623330383839
37316434663065363738316238393333313936373839656266376634636630656237633231333538
37373939613236366161376637623038633861316665376631343530343538303961613663353333
66313062386438646363666565336534393439653135356530343365313138326635333233653230
31316234393833663435333738316333393839333962383231396433396231633663613439323234
62353239303334613332616139383335333138353438303935626362303736653032363163303235
36623861616633666566616632613265363531316263326433353735333263656333373862333332
63626239343761343339336433383461383439376662376539363930623630656238653162376464
61336166393266663835363263323036666266363962373332386164393538383163306537633166
61656337383232656536393932636630663033656131643963316436386435636232663734356437
36303438646434343639393236363039646432303964393131353732316139306134643130376335
38353431363464633164633937613530343634666536343830336635303031323266316631363761
34363061383362633939323830343336336638666638656434386461623433653731666232646533
61616531336439633632613361646666616538626334326537323863623230313538336431383730
35666464303866303131343239623666313161653331636361663562396634363165616634356538
33306361643531393130623561396666326135333765623535643037386662353265646636383032
35616634346361396366393763373263333338356534646631326465653164643235306335643137
38383537656531633865623964623065303634633664303761656532633334663738393163353061
39363037396439323562636133326665393862663662396639633665346662313363633066323136
34313862366236656137653663323139656537373733623239336130396432663262636336303737
36623331656335393631383566336134623264623634316662633366333833613462346463343365
31656262613462333064666265386536656337303463336433326163656437313662653338616163
65626539323235336439316464386139323531343132323561343363653334303436343263346663
34313234343566643337353465383033376561643430363163373766343662333132366262633330
63666138326164623939626564396466626566643632373637653238663166343434643037663665
37666233653638323163303232383430623538346438313632356636303633636563363735303964
32303762643238383465653135333634393839336464373339636234623562343965363733373630
31336437393365656366333235666333373061303030633931343030373639316230356463383739
63326435313561633533653966633834333064316165613266366636326636633937663038363333
35326538316333643333396230633663636538323630393165346261376162353865343561343533
30623633386535653664383766326261626663353838636335386631646537623036613965393062
66646639303562343261316632646462353939623165363733366137356363623130326632363932
62626531346532373233303863333265313331636436366465633431336439323230326331363535
62643861373235643364386239656534363862333530323065656531383661613132633134616564
38623363623261666161356334313738366365356232306131643935313763623839613366626131
38653863656664303134323432326331343565303861396531613263663131653865613831643361
61396238636664626462366134383930623135376330346630623536613265656639343035393736
37313438353838326131646463616138663133326632366263383231666531306434363337303237
65303335313361333434643165343961373733323935663731303839366365613665353031616562
66386331346338363961353732343862366132383534373432326163633162323332646339383366
36653030653438633437346538363832326430316631353937633436366239376337376130633633
37316432353061393032393431393265313864313163633634343434626232613265646564623332
30346666376561666330373837336665393433653430313866363963303034373063396430643432
39623732306438333534356262393764613337376432383836346339653934613661633638343863
31643166633333393265366564633365393539623837653166373862626532346135346233373837
39626665316139393035396662353131376262633031383764316534666339646263353334303765
64653331313430373838303534643238363465343937373765323539663230306665363566383938
30656166356562373433613738313638663838643532613065663835343737616235353962316666
64353363613262366537343562313865663133306437346361646235306366346137613663326266
32376164336135613339656362303338376137343331343434306639346335646134636439323135
66373835373436316236323638336331636539383732326564313236323465333464353030323531
37313937393533623464653831613935333864313134653033343339643566356361393862666666
30326636333032306232303562366462383066626136303761383537316564386561316566313736
35336565333435666331666165376665373466313137393163663231323663666231643161386563
64653764353665313035633830353031366339313435306362633639373532613864633437363030
39343261346661636130386231626261373537386238646237353563326261633038653633633364
33333062623232623065626137323435333130663038306561303064663134633439343835316438
35313336373730303437383661623166666566316135623464353935356130313138633132663733
36663531306236646636643165396461396663346236313665353134643738646165653138633236
64346262353430643262356536656230363638343264646635636636346332666137666536663961
32623830353731303462653638316465373838333962643438303063326562623630376435653865
30386534386536626638353839363430363265343165343632303636333037356437653061626139
65306233643533353762313766313066346433303064323036386236396237336132376262653034
32313863653335316532623230313466346466316332326338373334623161376266303034366331
64363862306435643463626637333465396366636334323039306666633463623733653430646331
64343162396635306536373464356638646564376564373865663230396638393731643631383265
32393239303231643964336331306265363939666461363866353165316465333430623761323334
34343238326635346239663432363565353963633663363836663832396661343937383730643436
66613739633533333230326632643761663939303966613562366365663563663132333161646631
65303336616335666262353861613334303635643365303061343835613633316262393633363030
32313563643638613732633533346536373436336163313031643732333731316264323637323337
33356632383338656533326536356665316631383932646136353237356235363533373531356534
39613533343737633734346161346131306339653961316436386139646435373435393438353830
62633238363237623066316462306562313633383966373163396339643065643432633838383735
32393563646236326262373464336235306635343736646663323962633937633431643932623034
30336461303339323564333766663132336265336339643265643936363731613366633065373439
34356562336637346265643161336466623062386639303930643331666239626134393938313162
32666439303866326164363936633939663362333362323430663438633065633635363730303561
63363862323639313232653364316332616462343832396133383930393933333636623730663562
33336137633730633866643334356166316231333566663031656334623761343463386230306435
65623965643239663932653337366532613762313831303839393738333539353730663739646465
39646164396265633363343866626136323836303235623333333765373833356263623031333131
64636135356135663532346530316463626435326539623239343466343330653463336231356235
61323735376539646462353835353739363730323230663731633930383337636662663830663132
38323961313933393961336130366637343439313939323537336364333831383233306166356364
62396433363765353062376535613831333634323035373935323561363565323966636233306164
66316464326236306433306239393063393032653134323737353730383363313266386266636530
38323936623933363965383931643235383863646630333731326635383038306535613032346231
31316538356534633264643130306637613366656365613930306337613361353634326130396339
39376563303430616634333230386665363435376234326537633736653933383632643536383966
64343665396337373562343239373935633663356233663632343963386463326566373636366632
39653930643339316130646333646634386234303232303839373263656539333634646639663134
39346663383735633563393034323861643162343666626132633764643630373462393636353833
64653561663466666235333166323263643432393065643938326634383966363134373030393033
66653232393435376463633132356361383263636335313433366537316235623034316365323935
66343930383662373839653236333330326532383630656134343635373533373862343431336666
33643766346561653331643431343265303138666638343634316638383166373331313536393265
66633635353062323062353866313266663030356164633134643762346232316439353866353766
30363463343966636138656366653236386164346139633763303234356138353434646631393136
35386335353461636433313630613739346463346134643635643163353230613832386130346234
65326265373765393137663233383934616363393231376536303333353664643132613363636161
64636463383830383730393766633937633535303537656633346436396431326663666463316264
30646437336437313965626430313361666137633265646130316261353264613033633765616131
36626566343532323836316330383464366536333231313634623363626362343836616366373734
31373866393630653436323731326330383437323734383462383238663633653435333162643634
39326236653538616561643164396361326266353561393838323639366234306333386566383231
31363230633534363330393035326131396533346430373064303234666532393330383335353138
36646235393666396166303530383364623636663631656363313962363662353233323865353065
38653130616434386366313765643162353430653530666264383738333331653533353862636265
64303836383832656536666261313166383436316563383164653731653939333131313538633034
66653336343564363261633164333530636465376162646262646137633934376439
